10000 0.000056982 0.000000954
20000 0.000082016 0.000001967
30000 0.000192881 0.000002861
40000 0.000406981 0.000005960
50000 0.000272002 0.000006954
60000 0.000272989 0.000007988
70000 0.000297928 0.000010907
80000 0.000687122 0.000014067
90000 0.000769992 0.000030994
100000 0.000808070 0.000046015
110000 0.000401020 0.000069060
120000 0.000674009 0.000125034
130000 0.000511885 0.000366042
140000 0.000660181 0.000504053
150000 0.002316952 0.000840981
160000 0.002403021 0.000984067
170000 0.002573113 0.001164986
180000 0.003149956 0.001936955
190000 0.003735081 0.002467949
200000 0.004707964 0.003076056
