10000 0.0000020512 0.0000090861
20000 0.0000039198 0.0000139911
30000 0.0000055836 0.0000175876
40000 0.0000068739 0.0000218057
50000 0.0000079875 0.0000256999
60000 0.0000095582 0.0000298947
70000 0.0000114831 0.0000333754
80000 0.0000141651 0.0000371350
90000 0.0000163314 0.0000429050
100000 0.0000189387 0.0000461864
110000 0.0000221708 0.0000504359
120000 0.0000268553 0.0000557054
130000 0.0000309818 0.0000606050
140000 0.0000367069 0.0000649521
150000 0.0000409445 0.0000682678
160000 0.0000451200 0.0000728568
170000 0.0000506707 0.0000769799
180000 0.0000565208 0.0000810684
190000 0.0000607348 0.0000865343
200000 0.0000633986 0.0000909474
