10000 0.00000093822 0.00002789497
20000 0.00000116367 0.00005292892
30000 0.00000141831 0.00007891655
40000 0.00000145749 0.00010395050
50000 0.00000152930 0.00013804436
60000 0.00000157174 0.00013995171
70000 0.00000165897 0.00016784668
80000 0.00000167924 0.00019812584
90000 0.00000172061 0.00020001961
100000 0.00000176240 0.00027303001
110000 0.00000184754 0.00028705597
120000 0.00000186283 0.00038194656
130000 0.00000188168 0.00041317940
140000 0.00000190362 0.00049614906
150000 0.00000193194 0.00059103966
160000 0.00000200168 0.00066018105
170000 0.00000211403 0.00074815750
180000 0.00000215022 0.00081515312
190000 0.00000223346 0.00090980530
200000 0.00000224577 0.00100684166
