10000 0.000072002 0.000000954
20000 0.000177009 0.000000960
30000 0.000213146 0.000000965
40000 0.000288963 0.000000963
50000 0.000308037 0.000000984
60000 0.000320109 0.000001020
70000 0.000378072 0.000001032
80000 0.000414848 0.000001056
90000 0.000449992 0.000001054
100000 0.000475986 0.000001101
110000 0.000495959 0.000001146
120000 0.000514030 0.000001192
130000 0.000604011 0.000001297
140000 0.000723050 0.000001322
150000 0.000978947 0.000001554
160000 0.001017100 0.000001661
170000 0.001067946 0.000001863
180000 0.001100030 0.000001907
190000 0.001136858 0.000002067
200000 0.001138096 0.000002146