10000 0.000000954 9819
20000 0.000010967 19791
30000 0.000012957 29727
40000 0.000192881 39734
50000 0.000272989 49723
60000 0.000406981 59731
70000 0.000426481 69717
80000 0.000446911 79751
90000 0.000466181 89738
100000 0.000508070 99627
110000 0.000511885 109623
120000 0.000660181 119316
130000 0.000674009 129514
140000 0.002316952 139112
150000 0.002403021 149611
160000 0.002501021 159811
170000 0.002714821 169105
180000 0.003116021 179889
190000 0.003203121 189379
200000 0.004201221 199779
